247 -193 150 -193 -169
-223 -232 -6 -217 -176
-175 242 41 24 132
-205 -119 95 191 65
-211 -140 236 14 145
156 185 -49 156 -93
-106 113 87 5 172
108 -49 -246 -122 -71
-1 -189 105 111 -227
-219 201 -72 92 -88
66 195 41 -98 -107
-232 -182 5 -132 211
133 -69 -148 139 144
-6 180 202 -225 -10
238 -242 179 -138 175
56 -57 8 -14 163
-147 95 106 56 154
-247 -99 18 -15 -236
-185 98 154 166 91
-228 146 84 218 36
206 119 -98 179 133
83 87 14 46 147
213 111 -82 164 -177
57 -126 18 -5 -76
-99 -206 -195 169 193
30 -129 -69 -224 -202
87 -68 -116 -41 -19
174 -80 -113 158 163
-235 -125 49 217 102
-188 -45 -6 133 177
213 -131 -131 -169 139
249 -22 60 57 167
223 241 122 110 120
120 -25 -59 -250 94
244 -25 -105 -120 -213
-65 79 -187 -199 -151
94 40 137 211 19
-57 -236 164 27 222
-150 86 161 32 -172
-76 146 222 31 -26
-99 -165 -31 -6 153
-155 -155 188 56 210
60 222 -179 116 162
-124 -163 109 62 -201
-115 216 -56 193 -56
-203 95 136 -128 232
32 5 184 141 199
29 -243 219 1 -100
-237 38 223 156 225
-108 -106 -61 -201 4
-234 65 -112 -35 14
-174 -30 -13 -174 98
-143 123 85 245 -185
-206 -188 41 136 242
-218 -92 231 108 -247
-17 106 -118 130 194
0 -97 -149 83 240
-122 -77 -75 27 43
28 -165 -173 208 -93
-22 171 184 -19 -65
-225 241 -17 -169 -103
-230 53 19 148 -190
109 -95 -126 96 170
-14 236 -145 109 -181
-4 163 -152 64 -204
166 -110 212 -103 -192
111 -77 218 219 142
-43 39 -52 -229 215
191 31 -34 186 -164
-249 -200 -248 -30 107
131 -95 -46 21 106
241 192 -101 161 -92
61 186 -104 230 195
150 -216 119 -127 -49
101 -125 205 103 33
-184 -43 -140 115 240
35 237 -51 179 170
93 -34 -181 -27 -127
-146 -36 -223 198 243
200 -53 -10 -3 -4
50 -80 84 -142 -119
18 160 68 140 -115
-32 75 126 126 -89
-160 -97 -5 -127 -92
-201 -80 19 219 -166
169 33 -132 -4 36
-181 -125 180 54 -40
236 110 -27 -39 -116
-175 101 172 35 -92
213 76 -125 -3 -153
-103 -195 163 -84 41
177 61 3 137 4
-25 168 -94 49 -109
13 196 -52 186 186
-32 -36 -168 -232 125
-196 175 86 214 -169
173 -175 146 -147 -147
121 110 -93 78 230
226 -166 208 26 -107
233 217 211 -77 105
-44 217 134 -18 -150
85 48 -30 250 180
227 80 140 226 -146
-100 -238 167 -11 121
-29 216 -238 -202 -112
-173 -35 -125 -75 149
173 -59 -3 -143 194
-171 -200 242 128 -162
-16 -45 -244 -182 23
-40 -121 167 -228 205
-185 125 149 167 -27
243 -148 -143 111 55
207 -143 -194 121 -203
-223 247 -49 -61 -45
116 237 -250 223 231
-62 -102 -102 -159 -230
-248 -250 182 -125 -170
-29 -48 134 56 -91
-216 202 69 -188 -162
208 196 246 159 -230
-6 143 -26 -67 176
-133 1 -197 21 -9
-133 161 19 57 119
-208 119 4 -158 207
70 -222 3 -88 102
4 225 -89 -203 -64
34 -61 101 175 -146
-129 -96 -215 -232 194
-56 119 115 -181 -213
-159 142 -165 -47 123
-149 186 -134 203 -87
90 12 -177 61 -233
64 70 121 -27 110
94 -120 -200 149 -113
-238 220 -125 -82 -162
142 -101 -246 -108 -141
13 36 -91 -118 148
96 2 39 240 -90
-216 -204 53 157 10
-201 245 -176 -217 -158
-173 142 -84 198 90
-111 191 126 -79 -219
96 64 105 149 235
233 147 -27 -85 60
73 -245 89 -49 65
231 10 -2 239 -38
-213 55 -20 9 42
233 -212 -105 -235 -74
145 100 -65 217 206
-236 -68 16 -70 236
219 196 -199 -12 -56
-64 44 209 144 152
35 44 -68 -173 169
208 -180 42 193 161
157 -168 177 -68 -248
-50 -101 -152 192 234
82 206 129 -132 -225
-102 129 -240 -243 -39
160 -82 220 203 -127
234 149 192 218 -208
-130 -209 -1 -247 -61
-195 91 -245 -86 -19
218 3 129 -117 -97
116 -104 -84 -151 234
161 -237 88 -121 -26
-203 -240 -114 197 5
-202 -75 170 -224 -234
-84 -7 221 -150 106
-171 108 247 19 243
98 28 110 49 -73
-4 189 -193 -52 114
165 -46 -28 18 238
-159 -127 45 -96 158
-5 181 182 206 128
10 43 -95 48 -162
-107 -60 127 244 170
236 32 52 49 -112
65 2 94 -190 71
221 -48 72 78 -203
145 86 215 172 -59
25 -152 -163 -151 228
-72 -121 231 -38 200
-220 -57 65 -73 -211
-162 4 -66 130 1
180 218 -169 -25 -86
-199 3 -28 98 -120
-44 117 14 -236 -218
198 219 104 35 -133
212 145 -173 28 -123
52 1 8 242 -176
-194 101 3 196 188
113 -163 -169 151 -227
-87 -178 57 -144 60
170 2 -34 -119 181
-161 97 -186 134 -45
25 165 139 -71 38
-140 140 184 24 20
222 59 232 169 -228
136 202 -116 146 63
-1 -173 -202 -155 129
51 -130 -34 48 -72
206 226 144 161 210
-152 -77 -237 -33 -56
141 131 -227 -232 81
211 -50 -108 -231 239
-226 89 -166 -138 -177
-119 1 141 16 208
132 -134 -197 -226 -28
-56 -235 -104 -3 8
-11 -99 28 -240 -113
76 -128 -132 -234 87
-22 -65 187 -157 -106
-64 -122 -100 -61 87
101 -47 98 73 69
-7 -226 232 -171 95
155 -117 178 203 -50
-48 164 -129 158 108
-62 -123 -167 68 39
-84 -76 139 -14 -239
179 -97 -113 -182 175
169 -212 56 220 138
-71 114 109 -199 33
61 -199 -55 -26 219
104 -204 -108 81 178
241 141 -247 147 -106
-156 -186 111 48 -250
-85 42 18 173 -113
101 -187 -128 -187 -166
86 188 172 -38 96
-78 -198 -124 217 -241
180 -87 -6 164 -235
100 56 160 36 89
104 12 89 -173 8
7 59 -149 -16 1
-69 6 -227 -202 196
44 -183 114 -11 52
50 233 -227 -219 34
143 -68 -177 -88 65
96 180 39 -184 -124
171 87 155 -77 140
-104 26 -53 45 -69
77 -139 248 13 166
-89 -95 -33 -249 58
157 -15 -108 -157 35
11 -115 -119 238 90
-28 -249 82 -246 125
74 88 18 -23 86
-178 233 13 141 -218
-75 195 -175 -250 -198
104 -185 172 -36 -126
-99 191 -114 -212 68
157 21 -133 100 -14
-103 176 -202 -14 -37
11 10 -232 123 120
-209 -94 -102 -250 15
-202 107 101 7 -37
203 97 129 39 -207
-101 2 -77 -214 -54
186 -211 193 177 229
92 112 49 -200 5
-127 201 -70 179 65
124 -146 51 32 205
-7 -61 229 -138 -7
-169 241 174 -21 -135
-215 -182 -135 -187 42
230 12 -99 50 202
-197 96 63 191 -15
-20 9 36 220 -220
167 -38 182 -155 92
-86 119 -115 23 32
28 -26 160 28 -129
206 28 57 -21 194
125 242 -143 -168 -99
55 40 -107 207 -73
-1 -189 -101 188 -178
-131 -180 -188 -15 75
-158 228 -56 -241 222
-126 206 19 152 13
-188 98 1 -12 -206
-142 239 95 161 -182
-236 -61 -83 140 -3
7 -170 -66 91 193
-166 52 -76 145 167
-139 65 12 -232 98
83 119 -250 -126 198
95 -26 213 -40 -81
151 -32 -171 -28 6
130 -149 -212 -244 -21
35 8 -184 -61 -17
23 -170 -25 192 11
0 68 -140 88 19
45 -60 59 230 -98
168 -15 160 182 26
18 182 197 217 103
178 -136 250 18 -7
-131 158 41 66 -215
85 228 106 -216 112
-67 171 -17 76 -136
-48 -240 139 -223 138
141 -26 159 46 185
-217 -150 232 -43 95
-137 -90 175 106 205
20 -9 232 85 25
-203 -231 -105 136 101
71 -40 -113 32 -152
-125 185 165 -177 -70
-131 101 100 132 -33
149 -241 33 218 90
164 -61 -205 6 -16
27 140 245 -160 27
228 -175 25 -34 48
-87 -15 -101 163 -77
172 118 -224 -238 75
-31 161 212 -5 26
-144 -159 -132 85 27
-191 -58 127 -224 -181
169 -226 229 242 -211
65 -67 -35 -57 3
-55 -84 133 -42 74
-124 71 -111 -11 31
-103 -197 64 7 -82
-109 167 119 -141 -142
247 -79 -170 -234 12
-153 47 102 -50 33
89 198 26 -93 48
54 52 31 221 -224
39 2 -237 -29 27
141 97 118 -52 -103
152 -180 -58 -85 27
103 -173 115 92 131
42 -166 -52 -139 -213
-192 139 -206 -172 -106
180 178 -249 -211 173
60 143 -150 119 -183
-56 -174 -135 237 -249
16 103 -247 149 106
43 -205 147 -52 -37
-223 9 -183 135 29
60 110 -169 64 168
-180 -106 32 -97 -3
-182 153 -177 46 -13
135 64 -192 53 86
-169 151 -140 -34 -40
119 -121 149 -158 53
67 55 27 -107 223
-34 -240 50 -132 -86
-124 67 -131 210 32
-33 -190 243 -193 171
-33 141 -243 51 -165
189 -151 -190 -184 -130
-176 121 120 206 0
249 -101 -75 -89 230
182 177 -117 203 218
67 -221 -156 -250 63
67 49 -103 -180 240
-234 165 -135 -80 162
-46 159 17 160 13
-246 -106 112 64 193
-46 123 53 -7 -169
188 104 250 -50 -67
-99 202 13 43 214
-187 218 6 -182 132
9 64 234 71 -36
-47 212 94 -131 27
-183 -100 -41 127 171
118 224 -249 14 41
61 -250 79 215 -89
28 184 74 -156 87
-208 -212 38 77 231
208 157 222 39 -200
-202 -134 -117 15 161
154 -134 248 -181 -200
-182 -105 206 -121 -76
-185 238 240 15 238
168 91 169 -12 202
183 93 3 -129 -46
-145 -194 -234 -37 -75
184 -63 -138 -227 -129
-68 -42 -2 237 -201
213 -51 -101 -212 58
182 -173 194 143 -175
-128 224 221 -97 -74
-77 -156 -150 -140 -62
102 222 147 -186 -102
-228 -79 -49 130 244
-147 161 -59 44 -13
-10 164 198 75 80
236 -59 -206 -241 109
-15 -165 -79 -106 137
-98 112 147 198 250
-15 -193 53 -107 161
182 -107 137 67 10
243 134 90 -143 -191
-149 -91 87 -144 83
-146 250 173 171 -74
235 -113 -243 185 -144
154 237 -42 166 -15
231 -177 151 -117 -76
-181 233 186 7 -241
102 -155 169 211 -168
-248 127 -6 -60 -176
190 73 -32 -63 -194
45 56 82 39 233
-236 -27 -26 64 -74
-139 -131 83 -87 79
224 206 -193 172 -150
30 249 90 240 216
-195 -116 -119 -39 -65
-137 -172 -54 -35 231
-151 -22 -75 -215 -167
117 -6 101 1 -11
191 50 -245 -199 -154
-232 -206 243 -203 3
-140 200 -195 232 -157
-61 -113 157 -24 -222
235 241 238 -161 206
-170 -175 8 227 249
-1 -119 -59 196 179
-18 -96 -127 -206 66
174 41 -26 52 199
-223 89 -24 -152 126
161 -55 3 -61 -202
99 55 168 139 -12
97 -79 -108 68 209
-100 132 87 163 -1
-71 238 -5 71 22
-174 226 -86 130 51
-213 -53 -139 196 -102
-237 -100 -146 173 159
-155 -174 205 200 65
229 -7 -86 11 -144
212 91 197 145 -161
-165 -128 81 -232 101
-71 -116 196 104 -5
14 165 194 -59 176
-162 -98 92 -151 40
179 -245 -68 -37 -64
-36 -237 166 17 6
-85 -55 248 -152 -208
36 35 -228 -240 -138
-118 -160 176 97 -191
-229 -190 -98 -86 93
-213 -120 -223 218 -69
232 -54 191 7 -139
-69 -225 -96 52 -122
201 39 196 203 -106
9 -144 135 -20 1
19 -188 -72 -55 -147
-62 202 -85 -225 -159
238 205 182 -31 111
-104 153 122 219 107
89 -141 14 128 155
143 42 -145 -220 -31
123 47 65 -191 -15
228 15 168 -74 -150
205 -22 32 -134 -152
-233 107 -163 -65 114
-105 161 129 -49 53
114 120 -163 194 -220
-137 237 151 174 -161
-236 -215 232 -149 -145
-6 -170 -62 5 -34
-169 74 12 61 -40
-113 -212 -7 244 71
85 -88 -7 234 -178
222 -20 191 181 -93
-131 23 -2 -85 -148
-120 106 183 225 -188
111 236 111 84 217
-131 -1 -56 191 -96
-159 -215 -49 -211 159
202 -118 208 10 119
100 65 36 -246 35
-123 -48 -124 96 -106
33 -160 -210 -7 204
203 6 -86 161 -41
-236 -107 -150 -137 -190
-92 105 -247 136 -194
-122 -213 -225 -9 -191
121 209 -232 -70 183
19 -21 -3 -26 187
132 201 -229 -109 -126
68 -217 -134 -80 95
-169 28 -33 -181 -39
108 25 -150 -135 -178
208 46 180 16 -78
10 202 143 175 -58
147 218 47 146 6
-18 186 -227 173 124
174 241 199 206 -144
-54 70 37 -168 -145
-243 202 -64 24 92
115 -97 203 -147 159
182 -101 -7 -190 118
-76 28 79 -27 -232
158 83 211 146 160
-147 -157 234 172 171
238 -137 10 -161 -239
31 -18 -220 -248 184
-189 66 14 -133 -156
-34 151 -140 25 180
-34 -167 120 -243 -244
177 -234 -24 157 38
13 -241 61 125 -18
-17 -5 112 236 -231
-73 245 36 103 -142
139 -234 211 -21 -87
67 -219 149 219 -174
-213 250 156 138 4
228 -242 48 -30 124
153 -249 17 -185 62
4 -181 -147 208 -71
-96 146 175 84 67
183 237 -155 32 -193
-231 -213 -164 161 -174
-126 7 -144 -141 105
116 -151 4 -41 -124
242 -217 104 19 233
-107 43 -226 -11 -150
-185 115 -178 -155 -248
-95 -172 -96 -93 -204
27 177 -74 -175 -67
109 230 -120 -125 -16
-211 -79 90 235 -142
-250 -172 136 -99 -11
232 -107 -221 38 174
-122 -75 -70 -5 82
238 -124 149 51 209
-179 -55 114 -69 -139
64 -144 -203 206 195
58 156 -184 203 -205
71 22 -243 8 -12
83 74 118 -32 192
-206 61 -126 219 -203
-184 154 -247 -181 192
-32 142 -154 -221 -35
204 -91 237 56 48
-187 -87 1 166 13
-30 -142 244 48 178
-226 99 162 200 -82
121 -7 -175 -60 78
225 -138 -225 68 -246
-188 -161 -250 -236 -164
77 -29 -168 -141 241
-33 70 -184 200 249
-47 -212 -33 -164 -83
-164 157 169 -171 -236
19 -65 -113 11 -152
-178 211 40 -221 173
-53 -237 197 191 21
-143 79 -209 174 -9
169 -176 5 67 145
134 -122 -202 -147 187
181 -184 -152 236 -191
228 86 13 67 131
-215 158 242 24 -69
-98 -214 2 68 -213
82 -132 -26 -174 -249
-173 93 49 137 73
-245 119 56 -238 -192
115 -128 -110 -14 -107
224 -32 -196 52 180
10 -237 -219 -145 -72
-183 -153 -82 205 222
-103 30 242 -3 195
-24 -112 -43 69 -100
-137 -243 71 161 -140
-90 -31 -106 -123 230
18 75 -30 170 -189
5 53 227 244 -82
-7 -19 5 185 -119
-221 -216 31 -181 201
30 104 -191 62 -82
136 201 163 84 -226
243 -120 217 -169 -53
210 103 170 245 -237
-107 -4 -199 -158 -102
-236 -35 -237 96 -66
-8 131 183 -150 -87
-157 -223 -126 -50 -150
133 -53 93 -235 70
157 -214 170 -198 177
-113 -49 -177 -100 54
138 -177 219 105 235
-14 188 29 -136 175
-16 48 -53 233 134
-200 -182 -165 -205 174
119 -170 108 176 -176
-111 -54 178 -27 134
-75 -7 143 -232 65
129 -68 -135 -183 144
-175 51 -224 1 -37
-189 212 114 217 -112
5 -202 -213 46 -72
214 164 19 -84 110
215 -84 227 -19 -135
136 -166 -77 148 85
-66 246 -31 41 -145
-143 -96 -170 -80 60
19 144 120 74 129
-139 -74 -77 -200 136
-153 -238 -111 -220 -100
-10 -169 -212 81 50
173 52 -163 179 92
-232 -189 -136 244 -168
98 207 207 130 56
39 -137 198 154 -212
-55 205 148 127 -19
-113 44 184 -49 -184
-158 -114 -83 -102 -44
187 57 -144 26 -220
93 222 -40 122 38
3 -183 -65 144 -66
-136 -121 -49 19 -181
-229 83 -150 -59 123
-180 162 55 164 95
-187 69 -227 206 -83
-135 -240 186 93 -172
1 -132 -220 213 234
-88 -68 -137 -165 199
-63 -58 -90 32 -218
195 -164 132 151 -85
2 161 -157 -13 65
245 -75 -25 190 -65
-32 87 222 -225 -172
70 225 -64 -71 -172
71 130 25 -130 96
135 101 219 -183 -234
33 63 -208 -124 207
144 -143 130 -128 17
68 -108 95 26 83
205 -106 -27 -193 -125
-106 3 -53 -186 125
179 5 -104 101 100
182 210 201 -54 -15
109 82 150 179 -62
-196 -30 -12 222 243
-142 -108 -52 125 -82
231 174 -98 93 -90
237 -161 -148 152 185
-147 -239 -37 60 -56
-191 188 -58 -188 -18
-150 215 -133 -147 -114
196 119 34 -227 27
-244 189 -71 -227 58
-143 199 186 86 -46
-14 185 -215 -245 -24
183 -124 -115 175 86
-95 190 -188 104 18
-200 27 163 -127 80
214 -171 87 -159 203
-172 -174 170 103 48
-230 125 -206 162 18
212 234 223 -47 -248
54 125 80 -164 168
4 247 -149 247 19
69 -76 -138 -232 -183
94 -184 125 -105 165
239 -210 -91 64 -114
-248 167 74 161 185
246 -127 -77 -143 -57
-225 -80 145 -136 103
209 46 74 61 -163
-36 167 -195 -72 63
65 -89 -102 31 6
-62 55 -229 32 231
195 -180 207 -56 167
86 114 92 22 -214
150 79 151 -51 -245
-246 116 -226 -7 14
18 137 -217 203 117
-206 200 144 -13 137
30 -70 122 52 214
14 -22 -165 -111 -137
-31 -131 -78 -146 -246
133 -128 -58 74 -244
-157 -100 -107 -193 239
-180 221 -155 -126 -136
233 221 89 -31 -185
-94 -93 -30 56 52
-198 -19 -205 97 241
52 7 -62 76 -55
-211 -209 71 -142 20
-198 65 5 214 -177
-82 -242 -37 -244 -161
-142 145 -126 -233 -6
-228 -190 -59 -156 120
4 226 20 146 173
-169 -249 -89 -167 -237
-120 185 65 161 -228
-196 69 33 -75 1
-33 96 227 201 212
-70 218 -60 -45 104
130 106 -73 -60 193
28 -48 -19 62 207
68 -237 99 -159 98
-87 -142 164 67 214
-235 83 -156 118 -110
-20 248 72 134 76
109 72 -240 -246 -212
-201 -193 123 -135 -168
117 -139 -91 154 88
16 128 240 3 191
141 -134 201 -44 206
-191 -228 44 -211 248
29 -113 94 -128 -117
207 91 130 -104 -228
244 91 223 -37 99
-208 -98 -195 193 -147
68 -153 -121 151 231
-239 107 3 199 -47
-189 234 -215 0 -242
200 190 -20 232 8
210 -224 223 217 -76
102 -72 -169 -169 -131
-220 -87 -154 -165 54
230 2 112 -174 -82
232 -88 31 -64 -43
245 183 -33 -176 -64
30 -14 164 -66 126
-198 -217 -5 -203 -48
168 171 -22 -199 206
-103 5 96 24 -92
-207 -212 -198 -17 102
-26 -24 -7 148 -229
-82 -228 -114 -25 -96
129 -117 57 207 115
146 150 -94 238 194
-119 -62 24 -221 149
208 170 -23 -127 120
-162 -69 -65 121 28
66 -159 -45 -149 -39
224 124 113 215 -223
38 -168 -218 -129 232
-16 238 33 -31 -89
-48 81 87 -62 -90
33 -188 250 10 126
128 -143 161 -114 -132
-93 76 -203 -202 -171
36 119 -208 -146 192
-204 213 -228 165 77
-204 -16 87 206 -204
-129 120 -72 -169 125
-234 -200 46 -17 185
192 115 194 15 -7
69 160 -193 245 115
-226 100 13 -205 -36
57 250 3 242 -227
-24 81 8 97 132
125 -181 -56 219 66
220 -166 -151 -239 148
250 -186 -200 233 -96
0 231 -121 74 66
-74 28 221 -56 -62
2 -126 -245 155 193
-231 -186 4 -206 179
48 158 28 -110 226
-101 193 29 26 -211
127 -204 111 -137 103
119 -161 -8 -40 -166
-191 158 -75 -170 -70
-195 -171 150 -74 94
195 16 217 -232 231
208 237 -41 -172 -4
-230 -230 -249 -240 78
103 -48 103 236 -195
-133 -91 39 -224 -167
-88 130 -45 99 14
34 -49 -210 22 -183
-8 199 -185 69 -114
166 114 163 -227 -43
-5 -130 -22 -205 55
-152 -49 205 76 210
-56 -240 243 63 -56
247 80 -103 130 189
173 95 170 171 -57
233 236 31 152 -182
-47 -140 -66 136 194
250 84 62 205 -164
-127 -249 4 -182 -136
0 -3 -59 -199 87
78 -235 -61 222 -23
-220 114 239 36 -151
71 7 139 182 250
-209 81 -11 -71 90
-230 -232 192 124 -176
32 -185 -90 181 -19
-63 181 113 -106 154
-196 -240 161 -44 -151
77 -238 -110 215 -43
-19 19 39 -146 -143
91 -37 -233 105 -157
248 -175 190 98 161
-59 -180 -223 -142 158
-176 -192 -183 -35 -87
-36 -96 49 -203 94
116 -63 103 -245 -73
-204 -204 174 -50 135
-154 -203 -215 -218 -35
179 97 241 32 -223
-135 -172 -112 -215 -99
-117 -42 -69 59 -181
116 62 -94 193 215
97 -135 65 216 -192
9 -6 97 4 12
-8 180 -80 -26 123
-38 203 -13 190 148
-249 -226 125 211 209
-59 147 -28 96 -93
174 248 -142 214 -212
-127 -183 -87 -11 42
45 48 -74 -214 207
-21 39 -106 -123 54
-198 -17 -8 -107 172
110 -237 169 -147 -44
-246 85 -151 -84 -16
-114 -207 -94 0 72
177 20 108 -202 60
-208 -186 -25 165 -34
-240 249 -196 166 28
-229 155 -221 -132 146
-122 -90 -54 -142 215
-102 -117 191 77 -4
196 -203 -169 104 -76
-250 -209 221 207 2
-236 184 17 -47 46
-156 126 -219 118 -53
97 -220 -28 -52 230
141 -227 -75 -189 44
-99 96 16 -211 -43
124 53 26 161 -189
-71 222 72 -244 -174
187 145 -188 -113 145
-197 -224 16 -91 -52
-125 -188 -181 32 -187
-157 -60 -97 -202 -96
-172 219 167 81 -140
-187 0 31 -219 -76
231 -91 200 187 172
-196 -192 -68 163 207
-209 173 86 2 104
-130 -84 49 -165 -245
118 -136 90 -145 50
225 -147 -204 -156 -112
152 -236 101 -108 -30
-173 181 -111 46 144
155 -203 -227 46 -111
-213 96 187 48 55
-96 98 -64 -24 -216
47 -24 -137 203 -46
-205 191 -203 26 -230
-47 -196 5 -169 161
-232 -79 221 85 159
-119 87 238 78 -80
-209 69 192 249 -148
183 -152 115 -29 249
51 -182 -74 -237 78
1 -108 56 10 -113
202 120 160 152 -246
-59 -163 173 -218 10
216 -237 -24 -176 -64
-123 81 249 160 -19
-182 -145 231 86 145
230 -86 -97 -64 23
-17 109 -221 33 52
146 43 -221 159 53
184 -52 191 -186 124
178 -120 -238 -77 127
-78 -48 155 -250 -175
-166 230 -205 -179 220
-182 144 -109 -100 -223
-91 1 43 48 136
-57 -143 122 137 65
-17 230 -197 -156 99
-114 -87 -6 -88 189
-212 196 45 176 131
171 -141 157 228 -167
-187 -19 -247 130 -241
176 45 143 -225 215
-210 95 183 133 -14
-234 -105 23 67 82
41 -247 -133 -17 11
242 170 196 -75 -95
235 114 70 -125 -124
73 86 -31 161 -107
155 -63 144 178 78
29 217 34 -157 43
-218 -247 53 36 -176
79 7 -193 10 -163
-78 -95 -203 176 -139
-156 -223 91 -58 -162
91 -12 -106 -91 -145
65 -28 181 -192 -3
160 -64 -207 -149 -245
79 23 -192 -249 -204
-27 -54 240 -121 191
62 36 77 -169 161
248 -73 -35 -118 160
4 -153 -128 153 53
-41 167 -200 4 245
-116 -166 95 -100 -27
230 164 201 135 222
-127 -201 -171 -5 144
-197 -77 -83 -159 -161
-246 -236 238 -108 27
21 15 -55 8 239
-246 193 -78 -234 -119
163 -70 95 -96 -25
22 57 -107 -224 82
43 62 -178 70 22
-64 -171 73 129 -78
20 242 127 122 190
-43 110 238 237 -163
-240 151 -178 175 -8
-100 64 -25 82 -50
-33 196 -90 -57 -85
-68 -167 -11 -214 -105
79 115 -108 -92 -126
129 139 -248 236 77
-65 209 110 171 129
145 33 62 45 -1
48 -179 95 70 -142
-6 -232 -36 98 -57
1 -147 -66 -49 -83
61 153 -210 -110 214
122 200 97 59 -184
-42 112 125 16 -91
-54 -137 -25 52 156
122 -191 -34 -167 162
84 156 52 223 -154
-128 -235 122 -12 -159
-216 -74 67 115 -149
20 -53 14 34 94
-113 -101 -83 -138 219
-109 102 -221 -50 -196
-56 -58 -201 -14 206
-2 167 95 65 138
-29 -30 -92 -170 -74
-8 193 76 9 221
-64 150 223 -181 63
158 -51 204 -22 -196
102 50 68 -232 -84
-230 -178 -167 -73 -51
-201 154 148 8 233
-211 183 15 204 -138
-32 -90 -164 66 -104
-9 -29 -227 83 -222
-98 157 7 -247 -65
-216 34 -134 108 64
206 59 -64 -62 218
-85 57 -44 -164 199
-236 11 241 131 -85
230 -187 -166 -14 15
-165 -118 -241 -146 211
240 -132 -111 78 -163
-164 -97 -97 -92 90
13 234 -146 114 209
-40 -83 225 -6 -199
-189 -102 -31 -75 193
-82 219 246 -217 106
146 235 140 197 116
193 178 -40 242 206
47 0 -65 245 -247
200 -186 12 -24 -239
-19 -76 -6 250 -129
5 149 -60 166 17
198 187 244 170 246
40 -139 187 69 -218
132 -48 0 -83 211
-219 -13 126 146 177
161 159 -72 132 100
-152 111 61 -20 166
-52 -1 -243 -221 108
-79 185 -237 124 174
149 -56 222 155 243
151 -182 -216 152 -5
227 55 143 46 194
37 59 -40 -52 -145
-187 21 -76 126 -96
81 -131 -236 180 -116
-212 127 -131 -194 -90
-247 -74 -83 -222 -96
225 225 107 -62 226
25 -244 -159 -60 81
13 86 -67 11 140
-159 -210 -81 28 -129
56 102 174 137 149
-150 250 -91 -57 162
177 107 139 69 -117
210 -22 -245 -192 82
-59 -226 -153 65 -143
-48 -162 200 182 144
150 -185 -241 -35 -224
58 -55 133 214 159
-90 -43 -157 -116 16
-33 129 51 2 -85
-72 21 150 -109 -90
-195 -222 -96 -45 -225
-79 -38 -106 -85 -174
-176 49 -95 58 -30
